376845938
903261506
814268977
971378505
273168225
303063687
373820766
329368951
320826090
344071621
325159837
339585806
440775758
339585806
284972141
339585806
344071621
393816047
339585806
449333085
415329324
344071621
339585806
234696938
449333085
415329324
344071621
393816047
556066781
421632602
556066781
495963438
421632602
344071621  
325159837  
339585806  
440775758  
284972141  
393816047  
449333085  
415329324  
234696938  
421632602  
556066781  
495963438  
399596209  
148420593  
387275664  
321905279  
386776272  
653653469  
371581139  
