250635175
447959188
163935682
250671252
543323211
194215993
480581751
493278555
290897944
117901030
214554777
279577895
320369676
330382334
352221168
361806452
362997852
373944424
380747509
383139906
384505655
385036996
385440011
385859295
391550623
391990702
409719208
410869594
426374726
448482573
467574370
480359414
486201207
492256759
494274116
495438897
516070105
540535951
561161784
569884131
594189437
596985669
653191668
659603715
364440787
313397197
351368584
245887866
388814633
254477768
318110378
490324606
131968134
621371346
382668649
353054848
597401551
517854108
504548626
461314738
307247876
413478857
173001980
391876498
458429752
335632931
450790681
332506987
348774556
417469911
325862956
387044652
147342644
470501386
449543043
345517091
377098369
515885735
416498538
393119631
430605208
338403029
237863499
484323184
377838268
577515401
136801249
461994753
301650316
454722863
357682545
386128322
380823207
405644076
243867823
481316515
474493870
459804329
431191687
321224440
254970536
336043673
265814543
382316635
491870527
414678336
298060518
